1 27.46 103.88 131.34 225.67
1 576.72 44.18 667.46 207.76
1 784.48 91.94 885.97 195.82
1 625.67 312.84 706.87 427.46
1 254.33 472.84 391.64 537.31
1 936.12 560.00 1017.31 654.33
1 323.58 863.28 433.43 957.61
1 485.97 614.93 552.84 731.94
1 710.45 920.60 798.81 960.00
1 854.92 774.92 1091.34 835.82
1 1174.92 659.10 1205.97 858.51
1 643.58 542.09 785.67 696.12
1 17.91 616.12 150.45 691.34
1 577.91 224.48 613.73 328.36
1 489.55 528.95 546.87 623.28
1 743.88 308.06 848.95 376.12
1 0.00 452.54 53.73 524.18
1 1113.73 149.54 1186.93 250.98
